01-PRE_01.mp3, [96,99,95,3,0,0,38,93,98,94,44,50,89,95,41,77,94,42,44,27,2,0,0,0,100,62,96,85,58,49,42,54,93,55,95,94,32,0,0,0,97,95,89,97,77,48]
01-PRE_02.mp3, [96,74,3,0,0,41,87,93,85,93,79,91,94,91,91,77,0,0,0,99,100,74,49,78,59,96,92,93,73,16,0,0,0,95,56,71,89,55]
01-PRE_03.mp3, [99,86,99,74,0,0,0,66,94,81,57,70,53,97,29,68,29,5,0,0,0,100,45,92,94,51,69,77,96,65,100,39,0,0,0,94,92,77,59,0]
01-PRE_04.mp3, [74,100,96,87,80,99,88,56,92,60,0,0,0,62,64,98,99,95,78,50,96,52,96,76,41,0,0,0,99,54,98,96,99,9,0]
01-PRE_05.mp3, [74,61,95,42,0,0,0,65,95,33,93,90,96,38,79,89,25,0,0,0,97,64,80,73,73,37,2,89,97,58,96,52,63,64,0,0,0,76,96,100,68,59,0]
01-PRE_06.mp3, [98,100,95,78,74,1,0,0,95,89,94,97,7,0,0,71,95,93,72,99,95,80,14,0,0,0,95,94,49,60,50,0]
01-PRE_07.mp3, [57,97,76,94,63,0,0,0,94,90,100,68,55,57,97,68,64,52,18,0,0,0,94,61,26,88,74,53,96,93,89,98,68,62,80,33,88,45,12,0,0,0,100,64,97,80,0]
01-PRE_08.mp3, [97,100,82,0,0,0,84,88,98,96,2,0,0,0,43,97,95,82,79,47,35,99,98,86,0,0,0,86,92,95,88,1]
01-PRE_09.mp3, [97,75,18,0,0,32,96,51,52,53,76,89,92,95,77,47,89,2,0,0,0,100,57,96,95,61,93,96,93,90,96,1,0,0,0,95,81,99,18]
01-PRE_10.mp3, [92,65,69,72,0,0,0,85,93,93,95,81,92,72,82,100,19,0,0,0,61,55,8,89,63,75,48,92,87,89,95,89,94,43,0,0,0,95,48,54,91,67,0]
02a-TIM_Beep-Alarm.mp3, [22,19,0,0,0,22,19,0,0,0,22,19,0,0,0,100,55,44,39,29,32,24,2]
03D-FNLRND_01.mp3, [62,99,97,91,97,49,0,0,0,98,94,94,60,73,100,12,0]
03D-FNLRND_02.mp3, [96,91,97,93,6,0,0,0,90,95,100,83,59,83,44,95,82,0]
03D-FNLRND_03.mp3, [95,95,72,94,98,95,86,2,0,0,68,93,90,8,94,100,80,96,94,64,5,0]
03D-FNLRND_04.mp3, [0,94,93,94,84,100,21,0,0,0,47,57,78,96,96,27,72,92,94,24,0]
03D-FNLRND_05.mp3, [56,83,80,85,0,0,0,93,97,100,54,0,0,0,64,84,95,94,88,3,91,92,94,29,0,0]
03D-FNLRND_06.mp3, [49,100,99,96,48,0,0,0,65,100,69,73,21,86,88,97,90,95,40,0,0]
03D-FNLRND_07.mp3, [0,76,72,86,77,100,16,0,0,0,72,44,43,26,90,70,48,73,44,1,0]
03D-FNLRND_08.mp3, [0,100,90,98,91,7,0,0,14,98,82,53,94,9,95,67,97,86,0,0]
03D-FNLRND_09.mp3, [0,100,95,99,99,91,5,0,0,9,99,96,66,40,47,49,78,72,48,0]
03D-FNLRND_10.mp3, [0,97,97,94,15,99,97,100,60,0,0,0,74,96,98,88,96,56,0]
03a-SYNC_01.mp3, [98,98,29,67,99,48,95,100,48,0,0,0,37,99,37,88,96,1,0,0,70,98,70,95,99,1,0,0,0,99,100,26,93,52,55,96,97,70]
03a-SYNC_02.mp3, [71,97,54,95,100,42,24,0,0,0,97,97,94,0,98,50,97,87,1,0,0,0,0,99,95,100,96,95,26,0,0,0,0,0,92,38,65,95,93]
03a-SYNC_03.mp3, [3,96,99,98,90,65,6,0,0,0,65,59,77,99,84,1,0,0,0,98,98,83,70,96,2,1,0,0,0,9,97,96,1,100,97,65,87,89,27,0,0,0]
03a-SYNC_04.mp3, [100,97,98,99,29,0,0,0,76,54,98,71,1,0,0,0,1,99,97,62,87,54,72,16,0,0,0,0,0,29,95,99,0,97,58,85,97,87,93,24,0,0,0]
03a-SYNC_05.mp3, [3,95,94,95,55,0,0,0,41,93,59,94,100,32,0,0,0,96,97,34,96,94,96,53,7,0,0,1,0,2,93,95,3,94,76,94,88,0]
03a-SYNC_06.mp3, [98,97,94,37,0,0,0,56,97,72,97,84,0,0,0,0,87,96,100,89,85,22,0,0,0,0,0,95,80,21,1,78,73,93,100,38,15,0]
03a-SYNC_07.mp3, [93,94,57,53,19,0,0,0,85,56,56,93,99,1,0,0,0,76,100,96,88,93,19,0,0,0,0,0,3,93,46,46,93,79,0,91,90,0]
03a-SYNC_08.mp3, [21,100,91,94,83,1,0,0,32,91,44,98,95,23,0,0,0,0,99,59,58,97,89,84,18,0,0,0,91,90,5,52,95,49,35,31,17,0]
03a-SYNC_09.mp3, [97,64,99,97,100,45,1,0,0,97,78,69,99,84,0,0,0,0,78,84,95,96,64,96,93,76,12,0,0,0,0,0,92,97,78,99,53,63,76,100,0]
03a-SYNC_10.mp3, [97,87,9,41,89,66,98,98,1,0,0,0,100,96,97,46,96,97,91,20,0,0,0,92,92,4,51,96,97,57,48,96,97]
03b-RND-INT_CrossTwoHooks.mp3, [27,100,59,55,74,70,37,46,56,3,0]
03b-RND-INT_DoItAgain.mp3, [66,100,43,70,20,0]
03b-RND-INT_DoubleJabCrossHookCross.mp3, [88,66,100,64,83,55,78,33,1]
03b-RND-INT_DoubleJabTwoThreeTwo.mp3, [4,100,66,96,2,72,35,61,45,0]
03b-RND-INT_HookBodyHookHead.mp3, [100,81,92,79,1,48,64,47,50,2]
03b-RND-INT_JabJabTwoThreeTwo.mp3, [100,100,99,65,43,98,68,0,0,0,2,0,0,0,60,77,66,73,57,0]
03b-RND-INT_One.mp3, [0,100,70,0]
03b-RND-INT_OneTwo.mp3, [11,100,49,28]
03b-RND-INT_OneTwoHookTwoHook.mp3, [100,87,88,99,100,21,0,0,0,0,0,0,0,0,0,88,100,25,73,63,65,1]
03b-RND-INT_OneTwoJabJabTwo.mp3, [70,85,52,100,80,75,37,4,0,0,0,0,0,0,0,0,73,58,65,6]
03b-RND-INT_OneTwoOneTwo.mp3, [26,94,58,100,62,31,0]
03b-RND-INT_OneTwoOneTwoHook.mp3, [100,76,99,88,99,98,0,0,0,0,0,0,0,0,0,71,93,38,66,55,63,2,0,0,0,0,0,0,0,0,25,66,53,92,2]
03b-RND-INT_OneTwoThree.mp3, [12,100,72,54,36,1,0]
03b-RND-INT_RearUHookCross.mp3, [0,60,100,67,48,88,77,52,95,50,1]
03b-RND-INT_TripleJab.mp3, [6,52,58,100,86,0]
03b-RND-INT_TwoThreeThree.mp3, [43,100,97,74,89,16,0]
03b-RND-INT_TwoThreeTwo.mp3, [86,100,54,61,54,0]
03b-RND-INT_UpperTwoThreeTwoThree.mp3, [100,97,17,99,50,80,98,82,60,0,0,0,0,0,0,0,0,0,0,98,93,12,0]
03b-RND_Again.mp3, [100,65,68,1]
03b-RND_Cross.mp3, [54,100,16,0]
03b-RND_CrossHook.mp3, [44,100,71,27,0]
03b-RND_CrossHookCross.mp3, [31,100,29,75,68,13]
03b-RND_DoubleJab.mp3, [100,45,66,60,0]
03b-RND_DoubleJabCross.mp3, [100,40,86,59,56,13,0]
03b-RND_Jab.mp3, [55,100,26]
03b-RND_Jab02.mp3, [38,100,74]
03b-RND_JabCross.mp3, [35,100,83,94,14]
03b-RND_JabCrossHook.mp3, [24,100,88,97,72,0]
03b-RND_JabCrossHookCross.mp3, [56,89,94,34,72,100,14]
03b-RND_JabCrossJabCross.mp3, [91,84,100,93,66,70,14]
03c-MOT_Alright.mp3, [62,89,100,2]
03c-MOT_BackToFace.mp3, [9,57,80,100,94,41,39,14,0]
03c-MOT_Beautiful.mp3, [5,100,88,86,15,0]
03c-MOT_BitQuicker.mp3, [85,100,74,57,86,54,0]
03c-MOT_BreatheOut.mp3, [53,80,47,100,93,11]
03c-MOT_ChinDown.mp3, [43,39,42,100,76,3]
03c-MOT_Focus.mp3, [45,100,62,29,0]
03c-MOT_Good.mp3, [76,100,10,0]
03c-MOT_KeepItSharp.mp3, [10,53,46,100,3]
03c-MOT_MorePower.mp3, [7,100,48,47,61,82,30,1]
03c-MOT_Nice.mp3, [100,100,36,8]
03c-MOT_RotateBody.mp3, [97,100,36,96,78,34,54,36,0]
03c-MOT_ShakeItOff.mp3, [54,100,91,43,89,95,13,0,0,0,0,0,0,0,0,0,0,0,44,77,69,63,98,92]
03c-MOT_Wonderful.mp3, [58,100,75,56,1]
04-BUR_01.mp3, [0,83,66,90,3,0,0,6,99,95,74,99,71,95,81,61,27,26,95,99,96,94,94,52,46,77,96,48,51,98,91,62,35,0,0,0,96,76,100,97,4,0]
04-BUR_02.mp3, [9,93,43,93,85,94,60,0,0,0,100,72,70,84,82,35,93,93,39,22,37,87,92,96,85,92,64,91,89,89,69,0,0,0,95,85,59,90,64,2,92,94,79,0]
04-BUR_03.mp3, [3,93,85,71,94,79,100,93,8,0,0,0,96,88,96,66,44,93,93,47,26,93,87,98,74,94,94,94,19,97,93,74,96,54,27,0,0,84,93,85,62,15,0,0,0,83,95,38,0]
04-BUR_04.mp3, [0,93,78,64,96,92,5,0,0,0,100,84,94,100,96,95,43,6,97,85,95,27,93,94,97,23,100,82,91,85,93,47,27,0,0,96,85,94,82,25,0,0,0,76,96,45,0]
04-BUR_05.mp3, [0,97,89,87,94,66,0,0,0,66,100,44,93,95,95,100,94,77,26,55,50,32,45,68,93,74,78,42,19,0,0,0,100,57,95,85,91,84,12,0,0,0,92,91,97,22,0]
04-BUR_06.mp3, [0,92,92,93,97,46,0,0,0,100,63,94,95,94,40,4,98,100,96,97,95,96,100,99,93,66,55,34,2,0,0,57,98,96,53,78,96,63,98,21,1,0,0,44,94,60,56,0,0]
04-BUR_07.mp3, [36,69,100,96,91,94,34,0,0,0,95,95,84,94,59,96,74,14,9,97,92,93,96,80,68,62,56,66,1,0,64,95,96,47,58,96,55,0,0,95,94,92,43,1,0,0,95,94,98,50,0]
04-BUR_08.mp3, [0,92,89,78,91,74,91,40,0,0,0,44,37,71,94,93,32,4,94,87,92,92,90,93,90,95,89,91,100,84,41,91,92,76,45,1,0,0,37,94,92,94,72,7,0,86,92,36,0]
04-BUR_09.mp3, [9,67,100,64,94,81,24,0,0,0,89,76,41,90,80,56,42,8,94,98,91,92,96,95,82,61,45,14,96,93,89,58,97,97,66,25,5,0,0,63,93,93,98,44,0,0,0,95,79,64,77,0]
04-BUR_10.mp3, [0,89,95,92,97,93,67,31,0,0,0,99,98,64,40,97,97,43,100,38,96,92,99,97,96,98,97,84,100,94,85,94,78,98,97,53,11,0,0,0,75,62,96,93,55,0,0,0,96,96,98,22,0]
05-RES_01.mp3, [60,100,98,57,0,0,0,30,85,56,60,25,73,98,67,98,98,85,98,79,66,0,0,0,74,86,67,98,78,4,0]
05-RES_02.mp3, [0,89,87,97,32,0,0,0,71,89,63,90,76,89,86,87,91,78,52,83,68,100,47,0,0,0,95,90,91,78,1,0]
05-RES_03.mp3, [0,97,93,91,67,0,0,0,50,49,97,18,56,89,65,23,97,92,72,48,61,2,0,0,23,100,98,52,21,0]
05-RES_04.mp3, [0,90,95,100,89,1,0,0,42,55,93,8,37,52,70,100,93,74,82,45,2,0,0,18,54,81,43,19,0]
05-RES_05.mp3, [1,87,96,98,52,0,0,0,78,73,98,78,8,97,94,36,100,58,68,96,74,41,10,0,0,2,94,83,79,64,0]
05-RES_06.mp3, [96,96,63,39,0,0,0,73,84,83,70,61,59,96,3,96,94,62,61,25,1,0,0,69,97,61,95,39,100,75,0]
05-RES_07.mp3, [17,99,94,68,6,0,0,0,51,95,78,45,96,65,55,100,69,76,33,38,95,94,3,0,0,4,94,91,57,72,22,0]
05-RES_08.mp3, [0,95,85,79,11,0,0,0,100,100,69,6,77,99,27,97,93,95,96,54,5,0,0,0,100,97,98,100,82,0,0]
05-RES_09.mp3, [1,97,94,88,50,0,0,0,76,95,96,93,97,92,3,70,92,52,88,94,53,60,83,78,61,33,0,0,0,100,95,90,47,19,0]
05-RES_10.mp3, [17,94,73,89,55,0,0,0,77,67,54,47,6,73,94,59,3,100,92,72,81,83,23,0,0,0,74,85,79,95,62,9,0]
06-END_01.mp3, [97,100,74,98,97,1,0,0,66,90,98,99,80,56,94,98,97,72,96,88,97,11,0,0,0,74,95,61,24,67,97,94,80,97,56,5,0]
06-END_02.mp3, [77,63,49,99,84,79,2,0,0,6,99,100,99,100,77,81,51,7,0,0,2,75,62,53,36,34,98,95,40,1]
06-END_03.mp3, [98,92,99,70,79,18,0,0,0,94,100,98,5,99,86,4,92,47,73,73,98,99,98,98,13,0,0,0,78,98,58,41,98,98,98,5,0]
06-END_04.mp3, [68,94,81,96,66,100,27,0,0,0,64,74,88,94,70,59,95,56,49,52,72,94,95,94,11,0,0,0,95,96,95,64,87,38,12]
06-END_05.mp3, [100,77,73,99,84,60,66,80,99,20,0,0,0,99,100,85,30,66,73,55,100,88,39,50,79,60,98,77,96,97,50,0]
06-END_06.mp3, [96,51,91,96,13,0,0,0,83,95,77,96,65,53,96,43,95,100,96,86,68,22,0,0,0,96,85,86,96,50,8]
06-END_07.mp3, [14,97,98,98,81,7,0,0,0,54,44,97,56,87,85,98,97,35,88,77,68,86,49,0,0,0,70,80,59,74,35,100,99,87,1]
06-END_08.mp3, [77,98,95,98,94,99,15,0,0,0,99,100,50,78,98,98,98,98,98,27,0,0,0,76,98,98,67,55,10,0]
06-END_09.mp3, [99,98,92,0,0,98,100,99,98,95,20,0,0,58,72,100,53,61,46,97,97,78,87,85,97,97,82,31,0,6,72,67,46,67,99,98,34,0]
